39 0.076823 0.286865 0.138021 0.043457
38 0.087240 0.342529 0.066406 0.050293
39 0.135091 0.393799 0.070964 0.054199
42 0.127604 0.472168 0.239583 0.014648
58 0.271159 0.279541 0.078776 0.025879
6 0.366536 0.427979 0.018229 0.035645
43 0.268555 0.682861 0.119141 0.140137
43 0.887370 0.550537 0.082031 0.108887
43 0.563802 0.748047 0.108073 0.102539
33 0.897461 0.693359 0.130859 0.070312
10 0.640299 0.499512 0.046224 0.046875
42 0.735026 0.528320 0.222656 0.129883
33 0.762044 0.373291 0.033203 0.032715
39 0.893229 0.423584 0.106771 0.074707
33 0.694336 0.470947 0.034505 0.040527
39 0.767578 0.589111 0.026042 0.035645
42 0.789388 0.983154 0.007161 0.028809
42 0.717122 0.985352 0.076172 0.027344
58 0.095052 0.951904 0.065104 0.027832
42 0.418945 0.421387 0.185547 0.065430
55 0.140951 0.158203 0.151693 0.117188
39 0.343424 0.313965 0.048828 0.027344
6 0.325846 0.637695 0.030599 0.013672
6 0.369792 0.632812 0.018229 0.030273
6 0.117839 0.765869 0.029948 0.025879
6 0.833008 0.847656 0.022786 0.025391
6 0.453451 0.632080 0.027995 0.026855
6 0.689128 0.424805 0.014974 0.019531
6 0.777018 0.408936 0.037109 0.018066
